Webots Project File version R2021b
perspectives: 000000ff00000000fd00000003000000000000000000000000fc0100000001fb0000001a0044006f00630075006d0065006e0074006100740069006f006e0000000000ffffffff00000000000000000000000100000179000001cefc0200000001fb0000001400540065007800740045006400690074006f00720100000016000001ce0000008700ffffff0000000300000438000000a1fc0100000002fb0000000e0043006f006e0073006f006c0065010000000000000a010000000000000000fb0000001a0043006f006e0073006f006c00650041006c006c0041006c006c0100000000000004380000006900ffffff000002bd000001ce00000001000000020000000100000008fc00000000
simulationViewPerspectives: 000000ff0000000100000002000000fa000001790100000002010000000100
sceneTreePerspectives: 000000ff0000000100000002000000c0000000fe0100000002010000000200
maximizedDockId: -1
centralWidgetVisible: 1
orthographicViewHeight: 1
textFiles: 0 "controllers/new_my_controller/new_my_controller.c"
consoles: Console:All:All
renderingDevicePerspectives: SuperBot_v3:camera_front;1;0.527344;0;0
renderingDevicePerspectives: SuperBot_v3:camera_top;1;0.476563;0;0.163073
